383,545,156,74
387,546,156,74
388,545,156,75
391,545,156,75
391,545,156,75
394,546,158,75
395,546,157,75
398,548,158,73
398,548,158,73
401,547,159,75
401,548,159,74
409,549,156,74
409,549,156,74
413,549,156,75
413,549,156,75
417,549,157,75
417,550,157,75
418,550,157,76
418,550,157,76
416,550,158,76
416,550,158,76
413,550,160,77
413,550,160,77
410,551,161,76
410,551,161,76
405,550,163,78
405,550,163,78
399,549,165,81
399,550,165,80
394,548,168,82
394,548,168,82
389,548,170,82
389,548,170,82
384,547,172,84
384,547,172,84
380,548,174,83
380,548,174,83
375,548,177,84
375,548,177,84
371,548,178,85
371,548,178,85
366,547,181,87
366,547,181,87
362,548,183,87
362,548,184,87
358,547,186,88
358,546,186,89
354,546,189,90
354,546,189,90
351,546,191,91
351,546,191,91
347,545,193,93
347,545,193,93
341,545,195,93
341,545,195,93
335,545,198,95
335,545,198,95
328,543,201,97
328,543,201,98
323,543,204,98
323,543,204,98
317,543,207,100
317,542,207,101
310,542,212,101
310,542,212,101
306,542,215,103
306,542,215,104
301,542,217,105
300,542,218,105
297,542,218,105
297,542,218,105
291,541,222,107
291,541,222,107
287,541,226,108
286,541,227,108
284,541,229,110
284,541,229,111
281,541,231,112
281,541,231,112
276,541,236,113
276,541,236,113
274,540,238,115
274,540,238,115
271,540,241,116
271,540,241,116
269,541,244,116
269,541,244,116
266,540,248,119
266,540,248,119
262,540,252,121
262,540,252,121
258,540,256,123
258,540,256,123
254,540,260,124
254,540,260,124
252,540,264,125
252,540,264,125
250,540,268,128
250,540,268,128
246,541,274,130
246,541,274,130
242,541,278,132
242,541,278,132
246,540,284,135
246,540,284,135
251,540,288,138
251,540,288,138
247,540,293,140
247,540,293,140
244,541,298,141
244,541,298,141
240,540,304,144
240,540,304,144
237,540,309,147
236,540,310,147
233,540,314,148
233,540,314,149
229,540,320,152
229,540,320,152
224,539,327,157
224,539,327,157
220,539,334,159
220,539,334,159
216,538,341,164
216,538,341,165
213,538,348,169
213,538,348,169
209,538,356,172
209,538,356,172
208,538,363,174
208,538,363,174
206,538,371,177
206,538,371,178
204,538,379,182
204,538,379,182
174,536,387,184
174,536,387,184
146,535,395,188
146,535,395,188
118,534,404,195
118,534,403,195
90,535,412,200
90,535,412,200
64,534,420,205
64,534,421,206
37,535,430,210
37,535,430,210
25,535,438,213
25,535,438,213
43,538,438,212
43,538,438,212
43,538,441,214
43,538,441,214
40,537,445,216
40,537,445,216
36,536,450,217
36,536,450,217
34,535,454,219
34,535,454,219
37,535,454,220
37,535,454,221
38,535,454,220
38,535,454,221
39,535,453,220
39,535,453,220
33,534,453,220
33,534,453,220
24,534,452,214
24,535,452,213
11,535,451,211
11,535,451,211
0,537,451,206
0,537,451,207
12,537,447,203
12,537,447,203
26,537,430,197
26,537,430,199
37,535,432,197
37,535,433,197
42,536,412,194
42,535,413,195
45,533,443,194
45,533,445,194
50,532,438,191
50,532,442,191
55,532,407,173
55,532,409,175
57,530,393,156
57,530,390,156
59,529,482,183
59,529,483,185
60,527,489,201
60,527,489,200
65,528,491,215
65,527,491,218
73,527,488,226
73,527,487,229
75,527,491,225
75,527,492,226
86,527,488,234
85,527,489,235
92,527,490,239
92,527,491,241
130,527,460,242
128,527,462,242
137,527,462,243
137,527,462,243
134,529,474,243
130,529,478,243
207,527,412,249
207,527,412,249
173,525,456,253
174,525,455,253
138,525,479,257
138,524,478,260
111,526,531,257
111,526,531,258
111,528,535,257
111,528,535,258
112,530,535,246
112,530,535,246
111,532,536,248
111,533,536,248
109,533,538,256
109,533,538,256
107,535,539,252
107,535,539,253
105,535,539,252
105,535,539,252
103,536,540,256
103,536,540,256
102,537,541,256
102,537,541,256
103,537,542,255
103,537,542,255
104,537,542,256
104,537,542,256
140,536,507,255
140,536,507,256
111,536,537,255
111,536,537,256
115,535,535,257
115,535,535,257
120,535,533,254
120,535,533,255
124,536,531,254
124,536,532,254
129,536,530,253
129,536,530,253
135,534,529,254
135,535,529,253
141,535,527,253
141,535,527,253
150,537,521,249
150,537,521,250
155,537,519,248
155,537,519,248
163,538,515,244
163,538,515,242
171,540,509,240
171,540,509,241
177,542,505,231
177,542,505,232
183,543,500,221
183,543,500,221
188,544,497,217
188,544,497,217
193,544,493,221
193,544,493,223
197,546,489,227
197,546,489,228
200,546,484,228
200,546,484,229
202,548,480,226
202,548,480,227
203,548,476,226
203,548,476,226
203,550,472,223
203,550,472,223
201,551,469,221
201,551,469,221
200,553,466,214
200,553,466,217
198,552,462,217
198,553,462,217
195,553,461,216
195,553,461,215
194,553,458,210
193,553,459,210
193,554,455,209
193,554,455,209
193,555,453,208
193,555,453,207
191,555,453,207
191,555,453,208
189,555,454,209
189,555,454,209
186,556,457,209
186,556,457,209
182,555,461,211
182,555,462,212
180,553,466,215
180,553,466,215
178,553,469,215
178,553,469,215
175,552,473,217
175,552,473,217
172,553,476,218
172,553,476,218
169,553,481,220
169,553,481,221
166,552,483,223
166,552,483,223
163,552,490,224
163,552,490,224
160,552,496,224
160,552,496,224
157,551,501,226
157,551,501,226
155,549,505,228
155,549,505,228
153,549,511,229
153,548,511,230
153,548,511,230
153,548,511,230
152,548,515,231
152,548,515,231
150,547,517,230
150,547,518,231
148,547,520,229
148,547,520,228
147,547,521,239
147,546,521,241
145,546,522,238
145,546,522,239
143,546,522,235
143,546,522,236
140,545,523,240
140,546,523,238
138,545,522,239
138,545,522,240
136,545,522,239
136,545,522,239
134,545,523,239
134,545,522,239
133,545,522,238
133,545,522,238
133,545,521,236
133,544,521,238
135,544,517,235
135,544,517,235
136,545,512,232
136,545,512,232
137,547,507,215
137,547,507,215
138,547,504,211
138,548,504,210
139,547,500,211
139,547,500,211
140,549,497,208
140,549,496,209
142,550,493,208
142,550,493,209
145,550,488,202
145,551,488,204
146,551,489,196
146,551,489,197
149,550,490,193
149,550,490,193
152,550,489,191
152,550,489,192
153,550,489,189
153,550,489,189
154,550,489,184
154,550,490,184
154,550,490,184
154,550,490,185
156,551,490,185
156,551,490,185
157,551,490,188
157,551,490,189
156,552,490,198
156,552,490,199
161,554,479,208
160,553,481,209
163,554,479,209
162,554,480,209
164,554,478,209
164,554,478,208
164,555,480,206
164,555,480,206
163,556,484,214
163,556,484,212
159,557,489,220
160,557,488,217
161,558,488,220
162,558,487,216
163,561,485,213
163,561,486,213
163,563,484,214
163,563,484,215
163,563,484,213
163,563,484,212
160,563,490,211
160,562,490,212
159,563,491,212
159,563,491,212
159,563,491,213
159,563,491,213
160,563,490,214
160,563,490,214
160,563,491,214
160,563,491,214
160,564,491,213
160,564,491,213
160,564,491,213
160,564,491,213
158,563,494,213
158,563,494,213
157,563,497,215
157,563,497,215
156,562,501,216
156,562,501,216
154,560,505,219
153,560,506,220
150,559,508,221
150,560,508,220
146,558,514,221
146,558,514,221
144,555,519,225
144,555,518,225
143,553,522,226
143,553,522,226
141,551,525,227
141,551,525,227
140,550,526,227
140,550,526,227
140,549,524,227
140,549,524,227
138,547,525,229
138,547,525,229
137,546,525,230
137,545,525,231
136,544,526,230
136,544,526,230
135,543,526,230
135,543,526,230
134,542,526,230
134,542,526,231
133,542,525,228
132,542,526,228
133,542,524,227
133,542,524,227
135,541,522,228
135,541,522,228
136,541,521,229
136,541,522,228
137,539,520,225
137,539,520,225
139,536,518,232
139,537,523,231
139,536,513,227
139,536,513,228
141,536,462,225
141,536,463,225
143,535,396,225
143,535,398,225
144,535,324,220
144,535,324,219
142,533,269,228
142,533,271,229
142,531,208,199
142,531,206,191
142,531,332,177
141,531,484,177
140,529,466,163
140,528,468,165
298,529,365,168
142,528,521,170
238,528,427,191
238,528,427,194
191,528,477,225
190,528,478,227
199,528,471,229
196,528,474,229
205,528,466,223
201,528,471,223
211,530,461,221
211,530,461,222
182,532,490,220
178,531,494,221
192,533,470,218
192,533,476,218
179,533,495,215
179,533,495,215
177,533,496,213
177,533,497,212
180,533,493,212
180,533,493,212
184,533,470,215
184,533,469,215
188,533,465,214
189,533,466,214
193,533,497,183
193,533,499,184
198,532,488,172
198,532,488,187
203,532,451,201
203,532,451,207
202,532,392,192
202,532,391,165
201,532,427,155
201,532,522,213
203,531,487,184
203,531,488,181
206,532,471,163
206,532,470,163
204,532,475,153
204,532,475,155
195,533,479,159
195,533,479,160
198,533,471,183
198,533,471,183
205,533,461,195
205,533,461,197
228,533,433,198
227,533,434,198
217,534,439,193
216,534,440,193
190,534,457,196
190,534,457,193
190,534,401,198
190,534,401,194
192,536,453,193
191,536,454,194
189,537,453,193
189,537,453,192
190,537,450,193
190,537,450,193
190,537,450,192
190,537,450,192
190,537,449,192
190,537,449,192
187,537,450,187
187,537,450,187
187,537,447,193
187,537,447,195
203,538,430,194
203,537,430,195
186,537,447,193
186,538,447,193
184,538,448,193
184,538,448,193
183,540,447,191
183,540,447,191
181,540,446,192
181,540,446,192
177,540,447,193
177,540,447,193
173,541,449,192
173,541,449,192
169,541,453,194
169,541,452,195
168,541,455,196
168,541,455,196
169,539,459,199
169,539,459,199
170,539,462,198
170,539,462,198
169,538,464,200
169,538,464,200
168,537,467,200
168,537,467,201
166,536,469,202
166,536,470,202
165,536,469,202
165,536,469,202
165,536,468,202
165,536,468,202
164,536,468,202
164,536,468,202
164,536,467,202
164,536,467,202
163,537,466,201
163,537,466,201
163,537,465,201
163,537,465,201
163,537,464,202
163,537,464,202
163,537,462,202
163,537,462,201
165,539,457,201
165,539,457,201
167,540,452,200
167,540,452,200
167,540,453,200
167,540,453,199
167,541,454,201
167,541,454,201
166,542,459,199
166,542,459,200
167,541,458,202
167,541,458,202
168,543,457,201
168,543,457,201
169,544,457,200
169,544,457,200
169,545,456,199
169,545,456,199
170,545,455,199
170,545,455,199
170,546,454,199
170,546,454,199
168,545,455,200
168,545,455,199
166,545,458,201
166,545,458,201
166,544,461,202
166,544,461,202
166,544,463,203
166,544,463,203
164,542,467,206
164,543,467,205
162,542,470,207
162,542,470,207
160,542,473,207
160,542,473,207
159,542,476,211
159,542,476,211
159,542,477,207
158,541,478,208
159,542,477,196
159,542,477,196
160,541,476,194
160,541,476,195
160,541,475,202
160,541,475,202
161,541,474,207
161,542,474,207
161,541,474,208
161,541,474,208
163,541,472,207
163,541,472,207
164,540,471,206
164,541,471,206
164,540,470,207
164,540,470,207
164,540,469,207
164,540,469,207
164,539,468,207
164,539,468,207
163,539,466,207
163,539,466,207
161,539,466,206
161,539,466,206
159,539,466,205
159,539,466,205
158,538,464,205
158,538,464,205
158,538,463,206
158,538,463,206
157,536,464,207
157,536,464,207
155,535,467,209
155,535,467,209
152,535,469,209
152,535,469,209
150,534,472,209
150,534,472,210
147,532,474,212
147,532,474,212
145,532,477,212
145,532,477,212
142,529,480,216
142,529,480,216
140,528,484,218
140,528,484,218
137,528,478,218